Some((
    red: 0.0,
    green: 0.47058818,
    blue: 0.83137256,
))