Some((
    red: 0.23529412,
    green: 0.23529412,
    blue: 0.23529412,
))