Some((
    red: 0.41076615,
    green: 0.6969202,
    blue: 1.0,
    alpha: 1.0,
))